// ==== Name: zbt_bank0.txt
// ==== Time: 19:54:35, August 17, 2011
@400
    aa995566 20000000 30008001 00000007 20000000 20000000 30002001 00000000
    30008001 00000001 30004000 50000010

@420
    aa995566 20000000 30008001 00000007 20000000 20000000 30002001 00000000 
    30008001 00000004 28006000 50000010

@440
    aa995566 20000000 30008001 00000007 20000000 20000000 30002001 00010000
    30008001 00000001 30004000 50000010

@460
    aa995566 20000000 30008001 00000007 20000000 20000000 30002001 00010000 
    30008001 00000004 28006000 50000010
    
@500
    20000000 20000000 20000000 20000000 20000000 20000000 20000000 20000000 
    30008001 0000000d 20000000 20000000

@520
    aa995566 20000000 20000000 20000000 20000000 20000000 20000000 20000000 
    30008001 0000000c 20000000 20000000

@540
    aa995566 20000000 20000000 20000000 20000000 20000000 20000000 20000000 
    30008001 0000000a 20000000 20000000
    
@560
    aa995566 20000000 30002001 00ff0000 30008001 00000001 30004000 50000004
    00000000 00000000 00000000 00002000 
    
@580
    aa995566 20000000 30002001 00ff0000 30008001 00000001 30004000 50000004
    00000000 00000000 00000000 00000000 
    
